N <- c(0,1,2,3)
M <- N^2